	Source	Target	SourceType	Weight	Cofactor	Match	ABS_Weight	Sign_Weight	ABSRootWeight	SignedRootWeight
1	PAN	Limosilactobacillus_reuteri_I49	Metabolite	96.79614651668382	None	-1	96.79614651668382	1.0	9.838503266080863	9.838503266080863
14	Limosilactobacillus_reuteri_I49	Phosphate-e0	Microbe	-129.8641856189748	PAN	0	129.8641856189748	-1.0	11.395796840018464	-11.395796840018464
25	Limosilactobacillus_reuteri_I49	L-Glutamate-e0	Microbe	0.9999999999994204	Folate-e0	0	0.9999999999994204	1.0	0.9999999999997101	0.9999999999997101
27	Limosilactobacillus_reuteri_I49	L-Glutamate-e0	Microbe	-68.81887621285412	PAN	0	68.81887621285412	-1.0	8.295714328064468	-8.295714328064468
29	Limosilactobacillus_reuteri_I49	D-Glucose-e0	Microbe	-1.0000000000000002	D-Glucose-e0	1	1.0000000000000002	-1.0	1.0	-1.0
32	Limosilactobacillus_reuteri_I49	Mn2+-e0	Microbe	-0.7060625359720777	PAN	0	0.7060625359720777	-1.0	0.8402752739263947	-0.8402752739263947
40	Limosilactobacillus_reuteri_I49	Zn2+-e0	Microbe	-0.706062535999227	PAN	0	0.706062535999227	-1.0	0.8402752739425497	-0.8402752739425497
49	Limosilactobacillus_reuteri_I49	L-Lysine-e0	Microbe	-36.35966193460835	PAN	0	36.35966193460835	-1.0	6.029897340304257	-6.029897340304257
54	Limosilactobacillus_reuteri_I49	L-Aspartate-e0	Microbe	1.0000000000000921	L-Asparagine-e0	0	1.0000000000000921	1.0	1.000000000000046	1.000000000000046
62	Limosilactobacillus_reuteri_I49	L-Aspartate-e0	Microbe	0.9999999999976155	Thiamine	0	0.9999999999976155	1.0	0.9999999999988077	0.9999999999988077
63	Limosilactobacillus_reuteri_I49	L-Aspartate-e0	Microbe	-208.39276256487972	PAN	0	208.39276256487972	-1.0	14.435815271915878	-14.435815271915878
67	Limosilactobacillus_reuteri_I49	Sulfate-e0	Microbe	-0.7060625359725605	PAN	0	0.7060625359725605	-1.0	0.840275273926682	-0.840275273926682
69	Limosilactobacillus_reuteri_I49	L-Arginine-e0	Microbe	1.0000000000001026	Spermidine-e0	0	1.0000000000001026	1.0	1.0000000000000513	1.0000000000000513
77	Limosilactobacillus_reuteri_I49	L-Arginine-e0	Microbe	-22.72374738370601	PAN	0	22.72374738370601	-1.0	4.7669431907361774	-4.7669431907361774
82	Limosilactobacillus_reuteri_I49	L-Histidine-e0	Microbe	-9.204977704952308	PAN	0	9.204977704952308	-1.0	3.0339706170219096	-3.0339706170219096
84	Limosilactobacillus_reuteri_I49	L-Proline-e0	Microbe	-18.08778119024158	PAN	0	18.08778119024158	-1.0	4.252973217672735	-4.252973217672735
92	Limosilactobacillus_reuteri_I49	Co2+-e0	Microbe	-0.7060625359727986	PAN	0	0.7060625359727986	-1.0	0.8402752739268237	-0.8402752739268237
96	Limosilactobacillus_reuteri_I49	L-Valine-e0	Microbe	-34.56469128209893	PAN	0	34.56469128209893	-1.0	5.879174370785317	-5.879174370785317
105	Limosilactobacillus_reuteri_I49	L-Threonine-e0	Microbe	-73.08423504265905	PAN	0	73.08423504265905	-1.0	8.548931807112456	-8.548931807112456
109	Limosilactobacillus_reuteri_I49	Spermidine-e0	Microbe	-1.0000000000000009	Spermidine-e0	1	1.0000000000000009	-1.0	1.0000000000000004	-1.0000000000000004
112	Limosilactobacillus_reuteri_I49	fe3-e0	Microbe	-0.7060625359730133	PAN	0	0.7060625359730133	-1.0	0.8402752739269514	-0.8402752739269514
113	Limosilactobacillus_reuteri_I49	H+-e0	Microbe	2.000000000001106	D-Glucose-e0	0	2.000000000001106	1.0	1.414213562373486	1.414213562373486
119	Limosilactobacillus_reuteri_I49	H+-e0	Microbe	6.666666666668977	Spermidine-e0	0	6.666666666668977	1.0	2.581988897472059	2.581988897472059
124	Limosilactobacillus_reuteri_I49	H+-e0	Microbe	-0.3333333333334083	Pyruvate-e0	0	0.3333333333334083	-1.0	0.5773502691896907	-0.5773502691896907
127	Limosilactobacillus_reuteri_I49	H+-e0	Microbe	-0.6666666666666492	L-Asparagine-e0	0	0.6666666666666492	-1.0	0.8164965809277154	-0.8164965809277154
134	Limosilactobacillus_reuteri_I49	H+-e0	Microbe	-0.3333333333334204	D-Mannose-e0	0	0.3333333333334204	-1.0	0.5773502691897012	-0.5773502691897012
135	Limosilactobacillus_reuteri_I49	H+-e0	Microbe	4.666666666669622	Melitose-e0	0	4.666666666669622	1.0	2.160246899469971	2.160246899469971
147	Limosilactobacillus_reuteri_I49	H+-e0	Microbe	-6.666666666664439	Folate-e0	0	6.666666666664439	-1.0	2.58198889747118	-2.58198889747118
153	Limosilactobacillus_reuteri_I49	H+-e0	Microbe	0.6666666666659109	O2-e0	0	0.6666666666659109	1.0	0.8164965809272632	0.8164965809272632
154	Limosilactobacillus_reuteri_I49	H+-e0	Microbe	-2.666666666667089	Urea-e0	0	2.666666666667089	-1.0	1.6329931618555813	-1.6329931618555813
160	Limosilactobacillus_reuteri_I49	H+-e0	Microbe	3.333333333335412	Sucrose	0	3.333333333335412	1.0	1.825741858351123	1.825741858351123
161	Limosilactobacillus_reuteri_I49	H+-e0	Microbe	-4.3333333333294854	Thiamine	0	4.3333333333294854	-1.0	2.0816659994652085	-2.0816659994652085
162	Limosilactobacillus_reuteri_I49	H+-e0	Microbe	-74.32745267643317	PAN	0	74.32745267643317	-1.0	8.621337058509727	-8.621337058509727
174	Limosilactobacillus_reuteri_I49	Uracil-e0	Microbe	-5.585114892731308	PAN	0	5.585114892731308	-1.0	2.3632847675917747	-2.3632847675917747
193	Limosilactobacillus_reuteri_I49	L-Methionine-e0	Microbe	1.000000000000052	Spermidine-e0	0	1.000000000000052	1.0	1.000000000000026	1.000000000000026
196	Limosilactobacillus_reuteri_I49	L-Methionine-e0	Microbe	-14.748894121357214	PAN	0	14.748894121357214	-1.0	3.8404288980994314	-3.8404288980994314
200	Limosilactobacillus_reuteri_I49	L-Cysteine-e0	Microbe	-0.6666666666634773	Spermidine-e0	0	0.6666666666634773	-1.0	0.8164965809257729	-0.8164965809257729
204	Limosilactobacillus_reuteri_I49	L-Cysteine-e0	Microbe	0.3333333333321372	Pyruvate-e0	0	0.3333333333321372	1.0	0.5773502691885899	0.5773502691885899
207	Limosilactobacillus_reuteri_I49	L-Cysteine-e0	Microbe	0.6666666666669693	L-Asparagine-e0	0	0.6666666666669693	1.0	0.8164965809279113	0.8164965809279113
212	Limosilactobacillus_reuteri_I49	L-Cysteine-e0	Microbe	0.3333333333326435	D-Mannose-e0	0	0.3333333333326435	1.0	0.5773502691890283	0.5773502691890283
213	Limosilactobacillus_reuteri_I49	L-Cysteine-e0	Microbe	1.3333333333363304	Melitose-e0	0	1.3333333333363304	1.0	1.1547005383805493	1.1547005383805493
224	Limosilactobacillus_reuteri_I49	L-Cysteine-e0	Microbe	4.666666666658094	Folate-e0	0	4.666666666658094	1.0	2.1602468994673028	2.1602468994673028
230	Limosilactobacillus_reuteri_I49	L-Cysteine-e0	Microbe	-0.6666666666793734	O2-e0	0	0.6666666666793734	-1.0	0.8164965809355073	-0.8164965809355073
231	Limosilactobacillus_reuteri_I49	L-Cysteine-e0	Microbe	0.6666666666622736	Urea-e0	0	0.6666666666622736	1.0	0.8164965809250359	0.8164965809250359
236	Limosilactobacillus_reuteri_I49	L-Cysteine-e0	Microbe	0.6666666666690336	Sucrose	0	0.6666666666690336	1.0	0.8164965809291755	0.8164965809291755
237	Limosilactobacillus_reuteri_I49	L-Cysteine-e0	Microbe	7.333333333327018	Thiamine	0	7.333333333327018	1.0	2.7080128015441542	2.7080128015441542
238	Limosilactobacillus_reuteri_I49	L-Cysteine-e0	Microbe	2.9999999999966427	Riboflavin	0	2.9999999999966427	1.0	1.7320508075679082	1.7320508075679082
239	Limosilactobacillus_reuteri_I49	L-Cysteine-e0	Microbe	-626.4869849391249	PAN	0	626.4869849391249	-1.0	25.0297220308002	-25.0297220308002
251	Limosilactobacillus_reuteri_I49	L-Leucine-e0	Microbe	-47.22328715513596	PAN	0	47.22328715513596	-1.0	6.871920194176877	-6.871920194176877
254	Limosilactobacillus_reuteri_I49	L-Isoleucine-e0	Microbe	-38.57060811246706	PAN	0	38.57060811246706	-1.0	6.210523980508172	-6.210523980508172
256	Limosilactobacillus_reuteri_I49	L-Tyrosine-e0	Microbe	0.9999999999992745	Thiamine	0	0.9999999999992745	1.0	0.9999999999996372	0.9999999999996372
257	Limosilactobacillus_reuteri_I49	L-Tyrosine-e0	Microbe	-12.972744790038577	PAN	0	12.972744790038577	-1.0	3.601769674762474	-3.601769674762474
259	Limosilactobacillus_reuteri_I49	L-Phenylalanine-e0	Microbe	-19.79070206564961	PAN	0	19.79070206564961	-1.0	4.448674191896909	-4.448674191896909
267	Limosilactobacillus_reuteri_I49	L-Serine-e0	Microbe	0.9999999999992251	Thiamine	0	0.9999999999992251	1.0	0.9999999999996125	0.9999999999996125
268	Limosilactobacillus_reuteri_I49	L-Serine-e0	Microbe	-29.75245722596132	PAN	0	29.75245722596132	-1.0	5.454581306201359	-5.454581306201359
273	Limosilactobacillus_reuteri_I49	NH3-e0	Microbe	-1.3333333333372057	Spermidine-e0	0	1.3333333333372057	-1.0	1.1547005383809283	-1.1547005383809283
277	Limosilactobacillus_reuteri_I49	NH3-e0	Microbe	-0.333333333332069	Pyruvate-e0	0	0.333333333332069	-1.0	0.5773502691885308	-0.5773502691885308
280	Limosilactobacillus_reuteri_I49	NH3-e0	Microbe	0.33333333333299403	L-Asparagine-e0	0	0.33333333333299403	1.0	0.577350269189332	0.577350269189332
285	Limosilactobacillus_reuteri_I49	NH3-e0	Microbe	-0.33333333333263077	D-Mannose-e0	0	0.33333333333263077	-1.0	0.5773502691890173	-0.5773502691890173
286	Limosilactobacillus_reuteri_I49	NH3-e0	Microbe	-1.3333333333377473	Melitose-e0	0	1.3333333333377473	-1.0	1.1547005383811628	-1.1547005383811628
297	Limosilactobacillus_reuteri_I49	NH3-e0	Microbe	-2.666666666658937	Folate-e0	0	2.666666666658937	-1.0	1.6329931618530853	-1.6329931618530853
303	Limosilactobacillus_reuteri_I49	NH3-e0	Microbe	0.6666666666799612	O2-e0	0	0.6666666666799612	1.0	0.8164965809358673	0.8164965809358673
304	Limosilactobacillus_reuteri_I49	NH3-e0	Microbe	1.3333333333379591	Urea-e0	0	1.3333333333379591	1.0	1.1547005383812545	1.1547005383812545
309	Limosilactobacillus_reuteri_I49	NH3-e0	Microbe	-0.6666666666700105	Sucrose	0	0.6666666666700105	-1.0	0.8164965809297737	-0.8164965809297737
310	Limosilactobacillus_reuteri_I49	NH3-e0	Microbe	-5.333333333328159	Thiamine	0	5.333333333328159	-1.0	2.309401076757383	-2.309401076757383
311	Limosilactobacillus_reuteri_I49	NH3-e0	Microbe	-2.999999999998053	Riboflavin	0	2.999999999998053	-1.0	1.7320508075683152	-1.7320508075683152
312	Limosilactobacillus_reuteri_I49	NH3-e0	Microbe	680.0120963552326	PAN	0	680.0120963552326	1.0	26.07704155680304	26.07704155680304
317	Limosilactobacillus_reuteri_I49	Pyruvate-e0	Microbe	-1.0000000000000022	Pyruvate-e0	1	1.0000000000000022	-1.0	1.000000000000001	-1.000000000000001
324	Limosilactobacillus_reuteri_I49	Glycolate-e0	Microbe	-0.9999999999999776	Folate-e0	0	0.9999999999999776	-1.0	0.9999999999999888	-0.9999999999999888
326	Limosilactobacillus_reuteri_I49	Glycolate-e0	Microbe	1.4999999999972478	PAN	0	1.4999999999972478	1.0	1.2247448713904654	1.2247448713904654
333	Limosilactobacillus_reuteri_I49	Acetate-e0	Microbe	1.3333333333321933	Spermidine-e0	0	1.3333333333321933	1.0	1.1547005383787579	1.1547005383787579
338	Limosilactobacillus_reuteri_I49	Acetate-e0	Microbe	0.3333333333339206	Pyruvate-e0	0	0.3333333333339206	1.0	0.5773502691901343	0.5773502691901343
341	Limosilactobacillus_reuteri_I49	Acetate-e0	Microbe	-0.3333333333335005	L-Asparagine-e0	0	0.3333333333335005	-1.0	0.5773502691897705	-0.5773502691897705
346	Limosilactobacillus_reuteri_I49	Acetate-e0	Microbe	0.33333333333366577	D-Mannose-e0	0	0.33333333333366577	1.0	0.5773502691899136	0.5773502691899136
347	Limosilactobacillus_reuteri_I49	Acetate-e0	Microbe	-0.6666666666679257	Melitose-e0	0	0.6666666666679257	-1.0	0.8164965809284971	-0.8164965809284971
359	Limosilactobacillus_reuteri_I49	Acetate-e0	Microbe	-1.3333333333291204	Folate-e0	0	1.3333333333291204	-1.0	1.1547005383774274	-1.1547005383774274
365	Limosilactobacillus_reuteri_I49	Acetate-e0	Microbe	1.3333333333395188	O2-e0	0	1.3333333333395188	1.0	1.15470053838193	1.15470053838193
366	Limosilactobacillus_reuteri_I49	Acetate-e0	Microbe	-0.33333333333124926	Urea-e0	0	0.33333333333124926	-1.0	0.577350269187821	-0.577350269187821
371	Limosilactobacillus_reuteri_I49	Acetate-e0	Microbe	-0.333333333334344	Sucrose	0	0.333333333334344	-1.0	0.577350269190501	-0.577350269190501
372	Limosilactobacillus_reuteri_I49	Acetate-e0	Microbe	-0.666666666663337	Thiamine	0	0.666666666663337	-1.0	0.816496580925687	-0.816496580925687
373	Limosilactobacillus_reuteri_I49	Acetate-e0	Microbe	2.000000000001975	Riboflavin	0	2.000000000001975	1.0	1.4142135623737933	1.4142135623737933
374	Limosilactobacillus_reuteri_I49	Acetate-e0	Microbe	306.5199345725508	PAN	0	306.5199345725508	1.0	17.50771071763955	17.50771071763955
381	Limosilactobacillus_reuteri_I49	L-Asparagine-e0	Microbe	-1.0000000000000004	L-Asparagine-e0	1	1.0000000000000004	-1.0	1.0000000000000002	-1.0000000000000002
383	Limosilactobacillus_reuteri_I49	Ca2+-e0	Microbe	-0.7060625359728339	PAN	0	0.7060625359728339	-1.0	0.8402752739268446	-0.8402752739268446
385	Limosilactobacillus_reuteri_I49	Cu2+-e0	Microbe	-0.7060625359728314	PAN	0	0.7060625359728314	-1.0	0.8402752739268432	-0.8402752739268432
388	Limosilactobacillus_reuteri_I49	Fe2+-e0	Microbe	-1.7060625359720156	PAN	0	1.7060625359720156	-1.0	1.306163288403106	-1.306163288403106
399	Limosilactobacillus_reuteri_I49	Fumarate-e0	Microbe	-0.9999999999993149	Thiamine	0	0.9999999999993149	-1.0	0.9999999999996574	-0.9999999999996574
400	Limosilactobacillus_reuteri_I49	Fumarate-e0	Microbe	9.503941318136674	PAN	0	9.503941318136674	1.0	3.0828463014131393	3.0828463014131393
413	Limosilactobacillus_reuteri_I49	K+-e0	Microbe	-0.7060625359668538	PAN	0	0.7060625359668538	-1.0	0.8402752739232863	-0.8402752739232863
417	Limosilactobacillus_reuteri_I49	D-Mannose-e0	Microbe	-1.0000000000000009	D-Mannose-e0	1	1.0000000000000009	-1.0	1.0000000000000004	-1.0000000000000004
418	Limosilactobacillus_reuteri_I49	Melitose-e0	Microbe	-1.0000000000000004	Melitose-e0	1	1.0000000000000004	-1.0	1.0000000000000002	-1.0000000000000002
434	Limosilactobacillus_reuteri_I49	Succinate-e0	Microbe	1.5000000000169942	PAN	0	1.5000000000169942	1.0	1.224744871398527	1.224744871398527
437	Limosilactobacillus_reuteri_I49	L-Tryptophan-e0	Microbe	-6.121310173793908	PAN	0	6.121310173793908	-1.0	2.4741281643831448	-2.4741281643831448
440	Limosilactobacillus_reuteri_I49	D-Lactate-e0	Microbe	2.00000000000033	D-Glucose-e0	0	2.00000000000033	1.0	1.4142135623732117	1.4142135623732117
446	Limosilactobacillus_reuteri_I49	D-Lactate-e0	Microbe	1.3333333333343562	Spermidine-e0	0	1.3333333333343562	1.0	1.1547005383796944	1.1547005383796944
451	Limosilactobacillus_reuteri_I49	D-Lactate-e0	Microbe	0.3333333333335119	Pyruvate-e0	0	0.3333333333335119	1.0	0.5773502691897804	0.5773502691897804
454	Limosilactobacillus_reuteri_I49	D-Lactate-e0	Microbe	-0.33333333333340054	L-Asparagine-e0	0	0.33333333333340054	-1.0	0.577350269189684	-0.577350269189684
460	Limosilactobacillus_reuteri_I49	D-Lactate-e0	Microbe	-0.6666666666666109	D-Mannose-e0	0	0.6666666666666109	-1.0	0.8164965809276918	-0.8164965809276918
461	Limosilactobacillus_reuteri_I49	D-Lactate-e0	Microbe	5.333333333334862	Melitose-e0	0	5.333333333334862	1.0	2.3094010767588338	2.3094010767588338
473	Limosilactobacillus_reuteri_I49	D-Lactate-e0	Microbe	-1.3333333333307857	Folate-e0	0	1.3333333333307857	-1.0	1.1547005383781483	-1.1547005383781483
479	Limosilactobacillus_reuteri_I49	D-Lactate-e0	Microbe	-0.6666666666652526	O2-e0	0	0.6666666666652526	-1.0	0.8164965809268602	-0.8164965809268602
480	Limosilactobacillus_reuteri_I49	D-Lactate-e0	Microbe	-0.33333333333314236	Urea-e0	0	0.33333333333314236	-1.0	0.5773502691894604	-0.5773502691894604
486	Limosilactobacillus_reuteri_I49	D-Lactate-e0	Microbe	3.6666666666677656	Sucrose	0	3.6666666666677656	1.0	1.914854215512963	1.914854215512963
487	Limosilactobacillus_reuteri_I49	D-Lactate-e0	Microbe	-2.666666666663502	Thiamine	0	2.666666666663502	-1.0	1.632993161854483	-1.632993161854483
488	Limosilactobacillus_reuteri_I49	D-Lactate-e0	Microbe	-0.9999999999972371	Riboflavin	0	0.9999999999972371	-1.0	0.9999999999986185	-0.9999999999986185
489	Limosilactobacillus_reuteri_I49	D-Lactate-e0	Microbe	40.78899521466966	PAN	0	40.78899521466966	1.0	6.386626277986654	6.386626277986654
497	Limosilactobacillus_reuteri_I49	Mg-e0	Microbe	-0.7060625359729015	PAN	0	0.7060625359729015	-1.0	0.840275273926885	-0.840275273926885
508	Limosilactobacillus_reuteri_I49	D-Mannitol-e0	Microbe	1.0000000000000127	D-Mannose-e0	0	1.0000000000000127	1.0	1.0000000000000062	1.0000000000000062
513	Limosilactobacillus_reuteri_I49	Folate-e0	Microbe	-1.0000000000000013	Folate-e0	1	1.0000000000000013	-1.0	1.0000000000000007	-1.0000000000000007
523	Limosilactobacillus_reuteri_I49	CO2-e0	Microbe	-2.666666666669288	Spermidine-e0	0	2.666666666669288	-1.0	1.6329931618562548	-1.6329931618562548
528	Limosilactobacillus_reuteri_I49	CO2-e0	Microbe	0.33333333333463	Pyruvate-e0	0	0.33333333333463	1.0	0.5773502691907487	0.5773502691907487
531	Limosilactobacillus_reuteri_I49	CO2-e0	Microbe	-0.3333333333336606	L-Asparagine-e0	0	0.3333333333336606	-1.0	0.5773502691899092	-0.5773502691899092
537	Limosilactobacillus_reuteri_I49	CO2-e0	Microbe	0.3333333333340712	D-Mannose-e0	0	0.3333333333340712	1.0	0.5773502691902648	0.5773502691902648
538	Limosilactobacillus_reuteri_I49	CO2-e0	Microbe	-0.6666666666706246	Melitose-e0	0	0.6666666666706246	-1.0	0.8164965809301498	-0.8164965809301498
549	Limosilactobacillus_reuteri_I49	CO2-e0	Microbe	-1.3333333333239898	Folate-e0	0	1.3333333333239898	-1.0	1.1547005383752056	-1.1547005383752056
555	Limosilactobacillus_reuteri_I49	CO2-e0	Microbe	1.3333333333468689	O2-e0	0	1.3333333333468689	1.0	1.1547005383851126	1.1547005383851126
556	Limosilactobacillus_reuteri_I49	CO2-e0	Microbe	0.6666666666712756	Urea-e0	0	0.6666666666712756	1.0	0.8164965809305484	0.8164965809305484
561	Limosilactobacillus_reuteri_I49	CO2-e0	Microbe	-0.33333333333635673	Sucrose	0	0.33333333333635673	-1.0	0.5773502691922441	-0.5773502691922441
562	Limosilactobacillus_reuteri_I49	CO2-e0	Microbe	-5.6666666666581715	Thiamine	0	5.6666666666581715	-1.0	2.3804761428458323	-2.3804761428458323
563	Limosilactobacillus_reuteri_I49	CO2-e0	Microbe	-2.9999999999956932	Riboflavin	0	2.9999999999956932	-1.0	1.732050807567634	-1.732050807567634
564	Limosilactobacillus_reuteri_I49	CO2-e0	Microbe	682.1695113748725	PAN	0	682.1695113748725	1.0	26.118374975768926	26.118374975768926
569	Limosilactobacillus_reuteri_I49	O2-e0	Microbe	-0.9999999999999979	O2-e0	1	0.9999999999999979	-1.0	0.9999999999999989	-0.9999999999999989
570	Limosilactobacillus_reuteri_I49	5-Methylthio-D-ribose-e0	Microbe	-0.9999999999999952	Spermidine-e0	0	0.9999999999999952	-1.0	0.9999999999999976	-0.9999999999999976
572	Limosilactobacillus_reuteri_I49	5-Methylthio-D-ribose-e0	Microbe	0.499999999997095	PAN	0	0.499999999997095	1.0	0.7071067811844933	0.7071067811844933
573	Limosilactobacillus_reuteri_I49	Urea-e0	Microbe	-1.0000000000000004	Urea-e0	1	1.0000000000000004	-1.0	1.0000000000000002	-1.0000000000000002
580	Limosilactobacillus_reuteri_I49	H2S-e0	Microbe	0.6666666666633271	Spermidine-e0	0	0.6666666666633271	1.0	0.816496580925681	0.816496580925681
584	Limosilactobacillus_reuteri_I49	H2S-e0	Microbe	-0.33333333333216314	Pyruvate-e0	0	0.33333333333216314	-1.0	0.5773502691886123	-0.5773502691886123
587	Limosilactobacillus_reuteri_I49	H2S-e0	Microbe	-0.6666666666669561	L-Asparagine-e0	0	0.6666666666669561	-1.0	0.8164965809279032	-0.8164965809279032
592	Limosilactobacillus_reuteri_I49	H2S-e0	Microbe	-0.33333333333265963	D-Mannose-e0	0	0.33333333333265963	-1.0	0.5773502691890423	-0.5773502691890423
593	Limosilactobacillus_reuteri_I49	H2S-e0	Microbe	-1.3333333333364925	Melitose-e0	0	1.3333333333364925	-1.0	1.1547005383806195	-1.1547005383806195
604	Limosilactobacillus_reuteri_I49	H2S-e0	Microbe	-4.666666666658536	Folate-e0	0	4.666666666658536	-1.0	2.160246899467405	-2.160246899467405
610	Limosilactobacillus_reuteri_I49	H2S-e0	Microbe	0.6666666666791208	O2-e0	0	0.6666666666791208	1.0	0.8164965809353526	0.8164965809353526
611	Limosilactobacillus_reuteri_I49	H2S-e0	Microbe	-0.6666666666623292	Urea-e0	0	0.6666666666623292	-1.0	0.8164965809250699	-0.8164965809250699
616	Limosilactobacillus_reuteri_I49	H2S-e0	Microbe	-0.6666666666691454	Sucrose	0	0.6666666666691454	-1.0	0.8164965809292439	-0.8164965809292439
617	Limosilactobacillus_reuteri_I49	H2S-e0	Microbe	-6.333333333327604	Thiamine	0	6.333333333327604	-1.0	2.516611478422445	-2.516611478422445
618	Limosilactobacillus_reuteri_I49	H2S-e0	Microbe	-2.999999999997089	Riboflavin	0	2.999999999997089	-1.0	1.732050807568037	-1.732050807568037
619	Limosilactobacillus_reuteri_I49	H2S-e0	Microbe	618.089525434341	PAN	0	618.089525434341	1.0	24.861406344660814	24.861406344660814
633	Limosilactobacillus_reuteri_I49	Sucrose	Microbe	-0.9999999999999993	Sucrose	1	0.9999999999999993	-1.0	0.9999999999999997	-0.9999999999999997
634	Limosilactobacillus_reuteri_I49	Thiamine	Microbe	-1.0000000000000002	Thiamine	1	1.0000000000000002	-1.0	1.0	-1.0
635	Limosilactobacillus_reuteri_I49	Riboflavin	Microbe	-0.9999999999999992	Riboflavin	1	0.9999999999999992	-1.0	0.9999999999999996	-0.9999999999999996
637	Limosilactobacillus_reuteri_I49	Niacin	Microbe	-0.9999999999293276	PAN	0	0.9999999999293276	-1.0	0.9999999999646638	-0.9999999999646638
638	Limosilactobacillus_reuteri_I49	PAN	Microbe	-0.9999999999999284	PAN	1	0.9999999999999284	-1.0	0.9999999999999641	-0.9999999999999641
640	Limosilactobacillus_reuteri_I49	Cl	Microbe	-0.7060625359749065	PAN	0	0.7060625359749065	-1.0	0.840275273928078	-0.840275273928078
651	Limosilactobacillus_reuteri_I49	Inosine	Microbe	0.9999999999994409	Folate-e0	0	0.9999999999994409	1.0	0.9999999999997204	0.9999999999997204
653	Limosilactobacillus_reuteri_I49	Inosine	Microbe	0.9999999999993624	Thiamine	0	0.9999999999993624	1.0	0.9999999999996811	0.9999999999996811
654	Limosilactobacillus_reuteri_I49	Inosine	Microbe	0.9999999999995579	Riboflavin	0	0.9999999999995579	1.0	0.999999999999779	0.999999999999779
655	Limosilactobacillus_reuteri_I49	Inosine	Microbe	-22.50839000686224	PAN	0	22.50839000686224	-1.0	4.74430079219923	-4.74430079219923
665	Limosilactobacillus_reuteri_I49	Cytosine	Microbe	-6.580314084474634	PAN	0	6.580314084474634	-1.0	2.5652122883836794	-2.5652122883836794
669	Limosilactobacillus_reuteri_I49	Homocysteine-e0	Microbe	1.0000000000016862	PAN	0	1.0000000000016862	1.0	1.000000000000843	1.000000000000843
672	Limosilactobacillus_reuteri_I49	5'-Deoxyadenosine-e0	Microbe	-0.9999999999994071	Thiamine	0	0.9999999999994071	-1.0	0.9999999999997036	-0.9999999999997036
673	Limosilactobacillus_reuteri_I49	5'-Deoxyadenosine-e0	Microbe	1.4999999998261186	PAN	0	1.4999999998261186	1.0	1.2247448713206024	1.2247448713206024
678	Riboflavin	Akkermansia_muciniphilaYL44	Metabolite	126.68907411746463	None	-1	126.68907411746463	1.0	11.255624110526464	11.255624110526464
682	Akkermansia_muciniphilaYL44	H2O-e0	Microbe	-0.11111111111455416	L-Malate-e0	0	0.11111111111455416	-1.0	0.3333333333384979	-0.3333333333384979
686	Akkermansia_muciniphilaYL44	H2O-e0	Microbe	0.41481481481541416	Fumarate-e0	0	0.41481481481541416	1.0	0.6440611887199958	0.6440611887199958
707	Akkermansia_muciniphilaYL44	H2O-e0	Microbe	4.333333333338503	Folate	0	4.333333333338503	1.0	2.0816659994673743	2.0816659994673743
708	Akkermansia_muciniphilaYL44	H2O-e0	Microbe	-2356.274643595028	Riboflavin	0	2356.274643595028	-1.0	48.5414734386486	-48.5414734386486
718	Akkermansia_muciniphilaYL44	Phosphate-e0	Microbe	-127.45775495922072	Riboflavin	0	127.45775495922072	-1.0	11.28971899381117	-11.28971899381117
723	Akkermansia_muciniphilaYL44	L-Glutamate-e0	Microbe	0.22222222221958768	L-Malate-e0	0	0.22222222221958768	1.0	0.4714045207882373	0.4714045207882373
727	Akkermansia_muciniphilaYL44	L-Glutamate-e0	Microbe	0.10370370370429412	Fumarate-e0	0	0.10370370370429412	1.0	0.322030594360682	0.322030594360682
747	Akkermansia_muciniphilaYL44	L-Glutamate-e0	Microbe	1.3333333333377935	Folate	0	1.3333333333377935	1.0	1.1547005383811828	1.1547005383811828
748	Akkermansia_muciniphilaYL44	L-Glutamate-e0	Microbe	-1819.4432831148351	Riboflavin	0	1819.4432831148351	-1.0	42.654932693826105	-42.654932693826105
754	Akkermansia_muciniphilaYL44	Mn2+-e0	Microbe	-0.9241112603181855	Riboflavin	0	0.9241112603181855	-1.0	0.9613070582900063	-0.9613070582900063
755	Akkermansia_muciniphilaYL44	Zn2+-e0	Microbe	-0.9241112603201257	Riboflavin	0	0.9241112603201257	-1.0	0.9613070582910154	-0.9613070582910154
758	Akkermansia_muciniphilaYL44	L-Lysine-e0	Microbe	-41.26899935745718	Riboflavin	0	41.26899935745718	-1.0	6.42409521702918	-6.42409521702918
764	Akkermansia_muciniphilaYL44	L-Aspartate-e0	Microbe	-333.91602467716086	Riboflavin	0	333.91602467716086	-1.0	18.273369275455494	-18.273369275455494
768	Akkermansia_muciniphilaYL44	L-Arginine-e0	Microbe	-35.57235834186505	Riboflavin	0	35.57235834186505	-1.0	5.964256730043154	-5.964256730043154
769	Akkermansia_muciniphilaYL44	L-Histidine-e0	Microbe	-11.393282031205159	Riboflavin	0	11.393282031205159	-1.0	3.375393611300045	-3.375393611300045
772	Akkermansia_muciniphilaYL44	L-Proline-e0	Microbe	-26.584324739470528	Riboflavin	0	26.584324739470528	-1.0	5.155998908016809	-5.155998908016809
773	Akkermansia_muciniphilaYL44	Co2+-e0	Microbe	-0.9241112603176102	Riboflavin	0	0.9241112603176102	-1.0	0.961307058289707	-0.961307058289707
776	Akkermansia_muciniphilaYL44	L-Threonine-e0	Microbe	-74.99313011355085	Riboflavin	0	74.99313011355085	-1.0	8.65985739568215	-8.65985739568215
781	Akkermansia_muciniphilaYL44	H+-e0	Microbe	-1.4444444444435074	L-Malate-e0	0	1.4444444444435074	-1.0	1.2018504251542732	-1.2018504251542732
785	Akkermansia_muciniphilaYL44	H+-e0	Microbe	-0.2074074074074788	Fumarate-e0	0	0.2074074074074788	-1.0	0.4554200340427272	-0.4554200340427272
805	Akkermansia_muciniphilaYL44	H+-e0	Microbe	-5.6666666666677346	Folate	0	5.6666666666677346	-1.0	2.380476142847841	-2.380476142847841
806	Akkermansia_muciniphilaYL44	H+-e0	Microbe	672.407673054637	Riboflavin	0	672.407673054637	1.0	25.930824766185843	25.930824766185843
813	Akkermansia_muciniphilaYL44	L-Malate-e0	Microbe	-1.0000000000000004	L-Malate-e0	1	1.0000000000000004	-1.0	1.0000000000000002	-1.0000000000000002
820	Akkermansia_muciniphilaYL44	L-Alanine-e0	Microbe	0.9999999999995764	Folate	0	0.9999999999995764	1.0	0.9999999999997882	0.9999999999997882
821	Akkermansia_muciniphilaYL44	L-Alanine-e0	Microbe	163.69692364875337	Riboflavin	0	163.69692364875337	1.0	12.794409859339092	12.794409859339092
824	Akkermansia_muciniphilaYL44	L-Cysteine-e0	Microbe	-13.013505963490095	Riboflavin	0	13.013505963490095	-1.0	3.6074237294071922	-3.6074237294071922
831	Akkermansia_muciniphilaYL44	Inosine-e0	Microbe	1.000000000000146	Folate	0	1.000000000000146	1.0	1.000000000000073	1.000000000000073
832	Akkermansia_muciniphilaYL44	Inosine-e0	Microbe	-60.08478561398457	Riboflavin	0	60.08478561398457	-1.0	7.7514376482033684	-7.7514376482033684
837	Akkermansia_muciniphilaYL44	Neu5Ac-e0	Microbe	-6.992697026113969	Riboflavin	0	6.992697026113969	-1.0	2.644370818571777	-2.644370818571777
841	Akkermansia_muciniphilaYL44	Acetate-e0	Microbe	0.5555555555568523	L-Malate-e0	0	0.5555555555568523	1.0	0.7453559925007998	0.7453559925007998
845	Akkermansia_muciniphilaYL44	Acetate-e0	Microbe	-0.2074074074075907	Fumarate-e0	0	0.2074074074075907	-1.0	0.45542003404285003	-0.45542003404285003
865	Akkermansia_muciniphilaYL44	Acetate-e0	Microbe	-2.6666666666684726	Folate	0	2.6666666666684726	-1.0	1.632993161856005	-1.632993161856005
866	Akkermansia_muciniphilaYL44	Acetate-e0	Microbe	924.0902629411216	Riboflavin	0	924.0902629411216	1.0	30.39885298726124	30.39885298726124
873	Akkermansia_muciniphilaYL44	L-Asparagine-e0	Microbe	-28.98957316828312	Riboflavin	0	28.98957316828312	-1.0	5.384196613078234	-5.384196613078234
874	Akkermansia_muciniphilaYL44	Ca2+-e0	Microbe	-0.9241112603176632	Riboflavin	0	0.9241112603176632	-1.0	0.9613070582897346	-0.9613070582897346
875	Akkermansia_muciniphilaYL44	Cu2+-e0	Microbe	-0.9241112603197582	Riboflavin	0	0.9241112603197582	-1.0	0.9613070582908243	-0.9613070582908243
876	Akkermansia_muciniphilaYL44	Fe2+-e0	Microbe	-2.848222520630608	Riboflavin	0	2.848222520630608	-1.0	1.6876677755502143	-1.6876677755502143
878	Akkermansia_muciniphilaYL44	Fumarate-e0	Microbe	-0.9999999999999998	Fumarate-e0	1	0.9999999999999998	-1.0	0.9999999999999999	-0.9999999999999999
884	Akkermansia_muciniphilaYL44	Glycine-e0	Microbe	-0.9999999999998409	Folate	0	0.9999999999998409	-1.0	0.9999999999999204	-0.9999999999999204
885	Akkermansia_muciniphilaYL44	Glycine-e0	Microbe	-69.54945194230874	Riboflavin	0	69.54945194230874	-1.0	8.3396314032641	-8.3396314032641
888	Akkermansia_muciniphilaYL44	L-Methionine-e0	Microbe	-19.982435295072822	Riboflavin	0	19.982435295072822	-1.0	4.470171729930834	-4.470171729930834
890	Akkermansia_muciniphilaYL44	Sulfate-e0	Microbe	-0.9241112603192481	Riboflavin	0	0.9241112603192481	-1.0	0.961307058290559	-0.961307058290559
894	Akkermansia_muciniphilaYL44	Succinate-e0	Microbe	-0.22222222221963864	L-Malate-e0	0	0.22222222221963864	-1.0	0.47140452078829137	-0.47140452078829137
898	Akkermansia_muciniphilaYL44	Succinate-e0	Microbe	0.8962962962957121	Fumarate-e0	0	0.8962962962957121	1.0	0.9467292624059489	0.9467292624059489
918	Akkermansia_muciniphilaYL44	Succinate-e0	Microbe	-0.33333333333769793	Folate	0	0.33333333333769793	-1.0	0.5773502691934056	-0.5773502691934056
919	Akkermansia_muciniphilaYL44	Succinate-e0	Microbe	1772.9901869389803	Riboflavin	0	1772.9901869389803	1.0	42.10689001741853	42.10689001741853
925	Akkermansia_muciniphilaYL44	Cl--e0	Microbe	-0.9241112603186756	Riboflavin	0	0.9241112603186756	-1.0	0.9613070582902612	-0.9613070582902612
930	Akkermansia_muciniphilaYL44	K+-e0	Microbe	-0.9241112603177737	Riboflavin	0	0.9241112603177737	-1.0	0.961307058289792	-0.961307058289792
931	Akkermansia_muciniphilaYL44	Mg-e0	Microbe	-0.9241112603183307	Riboflavin	0	0.9241112603183307	-1.0	0.9613070582900818	-0.9613070582900818
942	Akkermansia_muciniphilaYL44	D-Glucose-e0	Microbe	0.22222222222081509	L-Malate-e0	0	0.22222222222081509	1.0	0.4714045207895392	0.4714045207895392
946	Akkermansia_muciniphilaYL44	D-Glucose-e0	Microbe	0.10370370370398409	Fumarate-e0	0	0.10370370370398409	1.0	0.32203059436020065	0.32203059436020065
966	Akkermansia_muciniphilaYL44	D-Glucose-e0	Microbe	0.3333333333355374	Folate	0	0.3333333333355374	1.0	0.5773502691915345	0.5773502691915345
967	Akkermansia_muciniphilaYL44	D-Glucose-e0	Microbe	-971.2328197383969	Riboflavin	0	971.2328197383969	-1.0	31.164608448340832	-31.164608448340832
982	Akkermansia_muciniphilaYL44	NH3-e0	Microbe	-0.22222222222004412	L-Malate-e0	0	0.22222222222004412	-1.0	0.47140452078872147	-0.47140452078872147
986	Akkermansia_muciniphilaYL44	NH3-e0	Microbe	-0.10370370370418053	Fumarate-e0	0	0.10370370370418053	-1.0	0.32203059436050563	-0.32203059436050563
1006	Akkermansia_muciniphilaYL44	NH3-e0	Microbe	0.666666666663068	Folate	0	0.666666666663068	1.0	0.8164965809255222	0.8164965809255222
1007	Akkermansia_muciniphilaYL44	NH3-e0	Microbe	1498.0429391978007	Riboflavin	0	1498.0429391978007	1.0	38.70455966934388	38.70455966934388
1016	Akkermansia_muciniphilaYL44	CO2-e0	Microbe	1.3333333333386008	L-Malate-e0	0	1.3333333333386008	1.0	1.1547005383815325	1.1547005383815325
1020	Akkermansia_muciniphilaYL44	CO2-e0	Microbe	-0.31111111111220097	Fumarate-e0	0	0.31111111111220097	-1.0	0.557773351023694	-0.557773351023694
1040	Akkermansia_muciniphilaYL44	CO2-e0	Microbe	-2.000000000008479	Folate	0	2.000000000008479	-1.0	1.4142135623760927	-1.4142135623760927
1041	Akkermansia_muciniphilaYL44	CO2-e0	Microbe	3638.23779187065	Riboflavin	0	3638.23779187065	1.0	60.31780659034818	60.31780659034818
1050	Akkermansia_muciniphilaYL44	O2-e0	Microbe	-0.23102781506984935	Riboflavin	0	0.23102781506984935	-1.0	0.48065352913491577	-0.48065352913491577
1065	Akkermansia_muciniphilaYL44	H2S-e0	Microbe	0.9999999999945888	Riboflavin	0	0.9999999999945888	1.0	0.9999999999972944	0.9999999999972944
1069	Akkermansia_muciniphilaYL44	H2-e0	Microbe	0.6666666666746203	L-Malate-e0	0	0.6666666666746203	1.0	0.8164965809325966	0.8164965809325966
1073	Akkermansia_muciniphilaYL44	H2-e0	Microbe	-1.622222222223773	Fumarate-e0	0	1.622222222223773	-1.0	1.273664878303462	-1.273664878303462
1094	Akkermansia_muciniphilaYL44	H2-e0	Microbe	-9.0000000000125	Folate	0	9.0000000000125	-1.0	3.0000000000020832	-3.0000000000020832
1095	Akkermansia_muciniphilaYL44	H2-e0	Microbe	5515.675629668411	Riboflavin	0	5515.675629668411	1.0	74.2675947481027	74.2675947481027
1108	Akkermansia_muciniphilaYL44	L-Phenylalanine	Microbe	0.9999999999998787	Folate	0	0.9999999999998787	1.0	0.9999999999999393	0.9999999999999393
1109	Akkermansia_muciniphilaYL44	L-Phenylalanine	Microbe	37.59195172721522	Riboflavin	0	37.59195172721522	1.0	6.1312275872956485	6.1312275872956485
1112	Akkermansia_muciniphilaYL44	L-Tyrosine	Microbe	-17.083554956573902	Riboflavin	0	17.083554956573902	-1.0	4.1332257325936	-4.1332257325936
1113	Akkermansia_muciniphilaYL44	Folate	Microbe	-1.0000000000000004	Folate	1	1.0000000000000004	-1.0	1.0000000000000002	-1.0000000000000002
1114	Akkermansia_muciniphilaYL44	Riboflavin	Microbe	-0.999999999999968	Riboflavin	1	0.999999999999968	-1.0	0.999999999999984	-0.999999999999984
1117	Akkermansia_muciniphilaYL44	PAN	Microbe	-0.9999999999900072	Riboflavin	0	0.9999999999900072	-1.0	0.9999999999950036	-0.9999999999950036
1123	Akkermansia_muciniphilaYL44	Uracil	Microbe	-39.64223087753586	Riboflavin	0	39.64223087753586	-1.0	6.296207658387377	-6.296207658387377
1126	Akkermansia_muciniphilaYL44	galactose	Microbe	-6.992697026114048	Riboflavin	0	6.992697026114048	-1.0	2.644370818571792	-2.644370818571792
1133	Akkermansia_muciniphilaYL44	5'-Deoxyadenosine-e0	Microbe	1.5000000000127682	Riboflavin	0	1.5000000000127682	1.0	1.2247448713968017	1.2247448713968017
